1372	15.42	122.6	14.02	659.3	37.06	57.81	39.57	6.62	6.67	46.17	51.27	25.23	522.7	45.66	20.23	8.02	78.13	529.5	323.7	286.9	11.5	135.7	68.65	47.97	18.91	524.3	860.2	110.2	476	678	8.99	1490	1208	32.94	55.67	95.11	476.3	509.5	0.33	35.52	377.7	7.56	48.2	11.81	6.53	128.9	585.4	8.81	501	61.06	75.6	122.7	52.81	47.7	405.6	741.4	27.2	360.7	870.5	47.05	7.18	9.43	178.1	810.4	42.58	6.73	472.5	3.55	45.53	165.8	951.4	1295	170.6	439.6	81.66	13.82	6.53	362.3	311.2	43.02	145.6	8.04	8.66	10.62	81.86	8.81	61.37	57.91	445.1	118.5	11.24	71.99	609.1	33.64	23.62	412.6	785.8	70.99	15.93	17.58	638.3	506.4	37.27	93.64	741.2	12.65	250.7	644.1	43.34	56.39	203.9	10.19	143.9	11.33	271.4	525.4	374.9	383.5	278.3	479.6	13.31	10.68	213.3	844.8	1136	11.13	5.42	18.55	419.2	118.6	64.08	323.3	206.8	115.3	126.8	6.97	9.42	21.8	11.46	15.46	38.27	45.25	51	885.2	143.3	82.84	67.64	92.95	13.95	180.1	20.04	581	15.56	44.6	1603	17.16	8.22	7.2	166.3	1150	174.7	1658	4.7	38.76	645.5	281.5	5.46	8.77	30.68	57.85	48.52	796.1	495.5	99.72	75.5	55.75	24.96	237.3	32.04	475.1	31.67	8.31	12.04	567.5	12.09	23.47	42.37	133.5	86.2	82.52	240.9	340.2	404.5	58.88
1311	14.43	113.4	13.87	628.6	35.5	60.25	37.74	5.81	6.16	45.09	48.24	23.59	494.8	45.84	17.85	7.64	76.22	532.5	285.6	275.7	10.76	137.9	66.43	46.27	17.14	512.7	798.9	101.3	437.2	672.4	9.54	1504	1204	31.58	52.39	93.8	440.3	489	0.28	35.31	404.5	7.45	46.23	11.11	6.21	129.6	588.4	8.77	441.4	58.22	68.09	116.2	49.91	45.28	388	650.9	24.86	306.6	856.5	45.88	6.95	9.3	159.5	793.7	44.62	6.32	460	3.29	44.97	162.1	945.6	1222	162.8	428.2	77.72	12.99	6.4	349.1	300.2	40.24	137.4	7.37	7.33	10.12	82.33	8.26	59.57	52.92	433.4	113.3	11.18	72.2	573.6	32.42	22.06	464.8	720	70.67	15.8	18.73	610.7	446.8	35.86	80.91	693.6	12.17	230.6	616.4	42.05	55.35	195.8	10.36	129.8	10.86	254.1	450.4	361.5	376.1	298.7	443.1	12.61	10.36	194.1	843.3	1130	9.29	5.44	18.3	400.1	118.2	61.57	324.9	206.9	109.4	131.6	6.09	9.2	20.76	11.62	14.03	34.51	40.81	48.21	769	131.1	70.47	64.28	92.71	13.98	178.4	18.81	559.6	14.82	42.94	1518	16.21	8.04	6.38	166.6	1129	192.2	1580	4.74	37.26	615.8	269.7	5.23	8.48	28.56	58.14	46.88	761.2	478	98.24	72.48	54.63	22.01	234.9	31.11	440.3	29.81	6.71	12.54	492.6	12.66	24.01	41.78	131.8	100.7	78.1	231.4	305.6	467.4	60.23
1263	13.78	102.1	13.59	602.4	35.78	59.15	36.14	5.51	6.15	40.4	46.28	22.51	465.3	43.19	15.67	7.28	68.21	534.4	256.6	262.3	10.16	139.7	65.97	45.96	15.17	507.8	743.5	92.5	398.7	658.3	9.96	1496	1199	30.4	49.77	91.27	427.7	464.4	0.23	33.99	426.7	7.34	45.36	10.63	5.73	131.4	601.4	8.68	403.6	56.36	68.24	109.3	47.56	39.87	364.4	636.3	22.2	331.3	825.9	48.08	7.05	9.28	150.8	772.2	45.85	6.21	434.2	3.21	42.32	153.4	916.1	1141	164.3	410.4	75.37	13.09	7.18	330.1	283.5	38.37	127.8	6.76	6.5	9.7	80.84	7.8	57.83	48.35	436.4	109.4	10.99	73.59	550.4	29.31	20.6	484.1	700	69.47	13.7	17.12	592.6	404	34.43	76.36	649.2	13.17	222.9	589.7	41.98	54.97	213.6	10.26	119.8	10.16	238.1	375.2	346.5	313.3	320.9	413.9	12.68	10.6	170.2	834.6	1117	9.87	5.11	18.25	380.2	117.4	59.41	329.3	205.5	105.7	126.3	5.33	8.74	19.44	11.19	13.47	31.44	38.07	46.58	677.2	114.5	62.06	61.85	88.78	13.6	178.6	17.57	531.5	14.24	45.2	1492	15.62	7.24	5.67	167.5	1121	225.2	1521	4.63	35.62	588.4	253.2	5.4	8.84	26.26	47.73	44.47	723.6	447.2	97.94	69.17	53.08	19.87	233.8	29.93	415.8	28.28	5.49	13.2	453.5	12.98	23.32	40.6	128	87.32	74.15	218.5	273.7	417.7	57.81
1201	13.41	101	12.52	538	33.46	60.93	34.86	5.44	6.25	41.31	57.31	21.71	435.7	44.65	13.82	6.92	66.77	532.3	229.3	256.2	9.88	142.5	67.04	44.95	14.07	495.4	704.8	85.9	365.5	644.8	10.26	1487	1170	29.27	47.05	86.77	399.9	435.5	0.18	33.22	451	7.69	44.37	10.45	5.54	76.13	604.7	8.3	390.7	55.23	71.36	101.8	45.46	37.75	342.9	587.6	18	392.2	797.1	47.14	6.8	9.24	133.8	748.8	41.69	5.98	409.6	3.19	42.13	149.6	892.3	1069	163.7	384.7	75.23	12.71	5.54	313	278.9	37.13	125.2	5.96	5.3	8.04	78.85	7.57	56.1	44.51	428.8	105.5	10.83	74.68	524.3	30.26	19.28	508.2	758.6	68.1	14.03	14.53	570.9	345.7	33.56	70.28	615.7	13.22	221.3	571.4	41.96	54.04	190.8	5.12	113.9	10.01	224.2	338.1	335	289.9	323	387.4	12.01	10.85	154	812.8	1090	8.1	5.41	18.32	358.4	108.3	58.4	328.4	203	104.2	126.9	4.84	8.46	19.55	10.87	13.12	29.19	35.43	44.8	551.1	110.6	56.41	58.87	86.65	13.08	178.5	16.48	520.1	13.72	47.33	1433	14.89	7.02	5.82	166.7	1111	245	1199	4.37	35.35	592.7	237.9	5.49	8.19	24.04	38.95	41.78	713.6	431.1	95.45	67.21	51.75	18	210.2	28.86	394.5	27.75	4.69	13.56	396.9	13.32	22.56	39.97	131.2	96.98	71.3	205.1	249.9	454.9	56.34
1166	12.87	90.71	11.68	498.9	33.67	58.44	33.69	5.13	5.58	39.65	68.85	21.04	406.1	42.72	11.58	6.64	62.76	530.6	207.2	250.6	9.56	151.3	69.58	43.53	13.52	481	686.6	79.92	344	633.3	10.34	1450	1167	28.1	44.65	84.15	385.1	399.9	0.14	32.86	456.2	7.08	44.13	10.37	5.12	77.44	606.7	8.08	363.5	54.47	77.85	96.85	43.4	34.62	322.8	588.2	15.49	450.9	763.9	45.95	7.36	9.08	142.5	718.7	42.77	5.78	402.6	3.08	48.47	148	868.7	979.5	162.3	427.3	74.29	12.29	5.85	296.4	283.3	34.31	121.6	6.2	4.65	8.3	77.07	7.37	54.35	41.22	426	105.6	10.67	74.27	492.5	28.03	18.21	498.6	644.8	66.79	12.35	16.68	554.8	303.7	32.6	64.85	591.7	11.04	237.8	557.2	42.71	53.06	190.5	5.17	107.8	9.27	213.3	300.2	323.6	282.4	324.4	364.5	10.99	10.65	140	789.9	1075	8.21	5.68	18.02	332.8	106.4	57.42	326.4	198.9	106.7	121.5	4.46	8.04	19.93	10.72	12.22	27.75	32.39	40.95	459.9	104.3	54.5	56.17	86.12	12.84	177.5	15.5	500.5	13.26	52.37	1366	14.15	6.69	5.83	163.8	1104	258.9	1150	4.59	37.08	535.5	218.7	5.26	8.21	22.44	36.44	43.55	683.3	431.2	92.06	63.04	50.28	16.56	208.8	27.86	384.3	27.43	4.13	13.1	365.3	13.22	21.42	39.44	130.8	93.56	72.24	194.2	259.6	451.1	55.19
1108	12.19	86.95	12.67	461.9	32.53	57.46	32.29	4.83	5.94	39.74	69.5	20.5	377.5	43.72	9.41	6.63	60.07	514.2	186.5	242.2	9.27	166.3	71.5	42.54	12.7	466.9	685.1	74.91	322.7	628.6	11.17	1389	1189	27.49	41.97	81.62	372.9	385	0.14	31.2	492.5	6.84	42.95	10.3	5.07	78.11	612.5	7.5	315.4	53.83	83.46	93.51	41.47	33.78	312.1	566.6	14.78	528.8	753.8	44.47	7.77	9.17	175.2	707.3	53.46	5.67	389.5	2.98	40.35	152.9	842.9	956.3	166.4	355.1	73.48	12.69	5.09	276.5	268.1	33.02	117.7	6.33	4.48	7.97	80.64	7.16	52.77	37.87	433.6	103.6	10.2	74.46	458.4	26.69	17.28	549.5	618.6	66.18	13.22	16.66	540.2	283.5	31.36	54.31	577.3	11.04	233.9	535.7	43.28	51.65	188.4	5.16	99.15	8.39	196.5	279.3	311.5	343.8	327.6	344.4	10.21	10.59	124.3	763.8	1060	7.31	5.63	18.01	314.5	105.2	56.78	326.3	194	103	117.7	4.11	8.3	20.24	10.68	11.35	26.37	29.89	38.06	465.4	102.3	54.69	55.17	87.43	12.36	181.1	14.63	488.1	12.78	50.08	1294	13.52	6.63	6.02	161	1086	278.8	1074	4.56	32.44	505.4	202.1	5.07	8.39	21.24	35.61	40.04	647.8	434.4	92.01	60.2	48.95	15.48	229.8	26.73	416.9	26.85	3.75	12.3	349.7	13.36	20.32	39.45	127	92.52	69.27	181.1	263.7	453.7	51.85
1069	11.41	84.47	10.71	437.2	31.65	60.04	31.04	4.91	5.62	33.47	74.07	20.05	352.3	44.62	7.33	6.44	55.36	509.4	166.7	236.3	8.84	204.2	72.19	41.87	11.58	463.2	670.5	75.55	302.6	615.2	11.21	1337	1220	26.76	39.62	80.63	360	393.7	0.18	30.1	544.5	6.45	41.99	9.82	4.68	79.78	618.8	7.22	297.9	53.76	86.64	90.03	39.68	33.13	298.9	554.6	12.68	511.3	728.8	43.34	6.98	9.31	185.8	682.3	44.95	5.6	384.5	3.09	38.86	141.7	824.9	831.5	166.5	367.6	72.25	12.42	4.75	258.3	264.2	31.69	120	5.98	4.29	7.47	88.85	6.81	48.79	34.82	449.6	102.3	9.83	76.25	431.8	27.6	17.21	696.2	646.7	66.33	13.8	16.23	527.7	285.8	30.41	52.42	567.7	12.19	232.8	520.9	44.73	50.6	189.9	5.15	89.98	8.03	182.4	274.1	300.8	407.5	303.6	318	9.02	10.15	113	737.1	1067	7.13	5.32	17.86	284.5	104.7	56.28	324.6	186.5	98.85	128.6	3.8	7.92	18.82	9.83	10.47	25.21	26.67	31.87	493.8	98.99	53.34	54.3	86	12.23	176.9	13.85	462	12.24	51.44	1168	12.99	5.78	6.3	159	1085	283.4	1005	4.46	32.19	485.4	186.6	5.3	7.97	19.77	34.55	38.39	599.5	452.6	88.94	58.14	47.57	14.41	226.1	25.76	408.7	26.76	3.36	11.75	365.8	13.48	19.68	38.43	123	95.8	66.93	171	262.2	479.8	50.85
1032	10.44	83.49	11.74	401.3	32.35	61.74	30.27	5.05	5.67	33.15	78.24	19.25	334.1	41.9	5.57	6.74	51.58	500.8	149	224.1	8.51	201.2	72.51	40.91	10.55	453	654.5	73.02	290	604.8	11.4	1271	1240	25.69	37.58	79.84	351.6	370.4	0.18	30.32	567.5	6.26	41.89	9.59	4.38	80.36	630.5	7.49	284.9	53.11	90.01	85.85	37.87	33.19	288.9	541.4	12.76	646.8	704.2	42.95	7.34	9.3	172.9	674.6	51.55	5.5	377.2	3.23	39.84	135	801.8	791.6	157.5	382.6	72.11	13.43	4.58	240.3	256.7	30.68	117.2	5.64	3.77	7.35	88.55	6.48	50.47	31.79	474.9	100.7	9.51	75.11	401.9	27.41	15.88	891.4	659.1	67.06	13.7	13.57	521.7	333	29.79	50.57	574.5	10.29	229	516.4	45.8	49.6	187.6	10.41	81.3	7.99	169.3	296.8	290.5	488.7	302.7	308.7	8.2	10.4	106.1	704.3	1063	6.84	5.03	18.29	265.5	98.01	55.41	326	176.9	94.22	123.3	3.49	8.47	18.45	9.03	10.08	24.35	24.81	28.69	493.6	96.27	54.93	54.3	84.97	8.07	173.9	13.15	457.1	12.1	52.11	1132	12.25	6.42	6.37	162.8	1074	271.9	932.5	4.36	31.07	444.9	173.3	5.2	7.47	19.15	30.15	37.91	558.9	448.1	88.16	56.81	46.33	12.98	222	24.82	344.6	26.76	3.13	11.14	452.8	13.49	18.94	36.52	119.8	91.59	65.8	161.2	323.9	519	49.15
955.2	9.74	83.32	11.6	372.2	31.31	59.32	29.49	4.96	5.54	30.29	80.45	18.82	310	41.5	4.37	6.35	47.79	563.4	132.7	214.3	8.25	198.7	71.4	40.42	9.7	428.6	634.6	68.14	271.8	591.7	11.9	1234	1264	24.41	37.97	78.16	334.2	394.6	0.18	29.95	562.2	6.1	43.63	9.75	4.34	79.44	619.6	7.32	272.6	52.52	93.62	83.24	36.07	33.2	275.8	529.9	10.6	766.1	677.7	42.25	7.28	9.6	157.7	652.9	54.01	5.53	380.1	3.24	41.27	133.4	772.4	802	152.9	394.1	71.75	13.13	4.47	222.7	250.9	29.54	109	6.34	3.64	7.34	90.95	6.39	49.78	28.49	484	100.4	9.29	73.33	374.4	24.65	15.48	1205	662.9	67.87	12.63	13.12	510.3	429.6	29.46	53	572.5	9.88	226.1	505.9	47.74	50.64	187.6	10.57	77.14	7.67	158.2	328.4	285.8	537.1	301.6	301.7	7.77	9.82	101.3	668.6	1081	5.67	4.72	17.58	253.8	98.94	55.12	314.5	165.8	90.72	122.6	3.21	8.83	18.14	8.73	9.21	23.24	24.68	26.56	453.9	94.85	55.15	55.75	86.53	8.26	173.6	12.34	463.1	12.21	51.42	1093	11.33	5.48	6.78	153.3	1035	271.6	857.6	4.39	30.42	426.4	160.7	5.15	7.36	19.94	28.76	36.84	518	457.4	87.53	55.39	45.23	11.4	218.8	24.01	324.5	26.06	3.15	11.09	510.5	13.85	18.62	35.31	116.8	103.3	64.89	153.3	393.6	525.9	49.38
925.4	9.41	82.63	11.5	348.1	32.05	62.11	28.73	5.34	5.9	29.27	83.77	18.34	292.8	41.77	3.55	6.26	44.53	598	121.2	204.9	7.83	212.7	69.13	39.85	9.24	419.3	612.4	62.24	251.2	579.5	12.06	1272	1285	23.91	34.67	76.85	320.4	414.2	0.18	28.98	587.5	5.86	44.99	9.52	4.25	78.24	608.4	7.01	262.6	49.94	95.73	81.53	34.19	34.55	266.9	514.5	9.83	855.2	649.1	41.31	7.83	9.73	157.9	634.1	55.82	5.51	369	3.3	40.8	130.5	766.3	752.9	146.3	396.7	70.89	13.29	4.73	205	245.6	28.37	107	6.06	3.63	7.74	92.73	6.17	48.86	24.81	498.3	99.09	9.08	70.75	336.4	23.99	15.03	1387	673.9	69.85	10.75	15.45	507	511.7	29.25	52.26	565.3	10.62	223.6	499.7	51.17	50.61	186.2	10.52	74.62	7.55	148.3	312.7	268.5	547.4	300.1	298.7	7.19	10.06	99.46	647.5	1088	5.63	4.48	17.41	246	93.7	55.3	301.7	152.1	89.32	122.1	2.86	9.42	17.57	8.03	8.62	21.91	24.52	23.68	418.3	93.33	51.05	56.26	93.6	8.06	171.8	11.49	441.2	12.47	50.65	1054	10.49	5.54	6.6	152.1	994.9	241.1	822.9	4.28	28.16	382.5	147.2	5.11	7.07	19.29	28.52	37.03	477.4	471.5	90.67	54.43	44.27	9.85	215.2	23.17	322.4	23.96	3.38	10.56	501.8	14.6	17.64	34.08	114	108.6	64.1	148.9	406.4	539.5	47.87
892.7	9.37	81.89	12.14	321.4	31.21	54.74	27.85	5.4	6.11	28.33	79.5	18.36	274.6	41.71	2.98	6.15	40.89	606.7	106.6	195.8	7.54	228.4	65.95	39.51	9.05	403.9	614.4	60.75	234.1	561.8	11.38	1230	1284	21.7	33.66	76.38	305.2	382.5	0.14	28.84	591.6	5.55	43.88	9.69	3.91	77.14	600.7	6.66	242.8	49.9	91.66	79.71	32.49	34.33	259.4	498.2	7.86	752.1	618.5	39.73	7.63	9.43	144.2	631.7	40.55	5.39	363.1	3.51	43.01	127	749.5	698.2	141	396.4	71.62	12.83	4.61	188.3	241.9	27.24	107.1	5.51	3.37	7.75	94.21	5.95	48.33	21.6	498.4	101.9	8.79	70.9	304.6	22.23	14.79	1311	712.2	70.57	10.3	16.82	499.6	517	28.94	49.16	557.8	8.58	211.9	499.2	52.55	49.74	184.3	10.64	71.41	7.39	140.1	271.1	259.1	531.1	296.7	297.2	6.44	9.93	96.46	621.3	1094	5.3	4.14	16.98	240.1	95.63	55.56	288.6	136	85.93	117.4	2.61	10.01	17.53	7.62	8.48	20.15	22.98	22.94	392.9	91.78	56.14	58.65	92.28	8.15	169.7	10.54	435.5	12.62	50.21	1018	10.03	5.16	6.6	147.5	1062	226.1	776.2	4.03	25.98	370	134.4	4.77	7.44	19.41	26.41	36.83	438.6	496.8	85.23	54.41	43.77	8.75	212.9	22.66	304.3	21.34	3.48	10.22	486	14.58	17.22	34.01	114.4	109.5	62.32	144.1	331.7	566.6	42.04
838.2	9.45	80.71	10.94	300.6	30.95	48.47	27.25	5.82	6.22	27.5	74.34	18.19	258.3	41.18	2.46	5.86	39.27	613.4	95.77	187.1	7.07	269	61.86	39.71	8.34	387.6	597	54.54	214.3	540.6	11.33	1131	1264	19.97	32.51	75.07	290.8	378.1	0.14	28.44	569.4	5.22	43.59	9.93	3.81	76.34	589.3	6.25	229.5	49.29	90.67	76.63	30.69	35.43	253.8	477.5	8.85	765.1	587.7	38.82	7.22	9.27	148.5	634.4	37.04	5.21	356.4	3.63	43.93	120	727.6	678.3	135.2	409.3	67.54	13.51	3.81	173.4	230.5	26.19	105	6.22	3.38	8.05	89.42	5.71	47.43	18.81	494.8	98.48	8.47	69.82	267.3	22.37	14.54	1210	725.9	80.62	10.46	13.46	491.5	486.1	28.85	48.24	553.3	10.52	209.3	493.6	54.98	47.28	180.5	10.55	67.26	7.22	130.2	236.6	248.5	497.7	260	285.7	6.59	10.07	92.51	584.9	1108	4.72	3.76	15.82	233.6	82.55	54.78	270.8	120.3	83.21	115.3	2.35	9.53	17.25	7.2	8.02	19.04	19.98	19.5	358.5	89.88	56.24	58.56	92.88	7.92	164.3	9.85	414.7	12.67	49.72	967.1	9.94	5.12	6.38	147.1	972.3	202	770.2	4.04	25.38	356.6	125.7	4.91	7.45	20.68	25.13	37	403.5	501.3	83.76	53.14	43.77	7.94	168.5	23.07	294.5	20.14	3.52	9.67	474.6	15.34	16.63	33.42	111.8	104.1	61.06	140	291.1	564	38.71
809.8	9.8	81.08	11.05	277.8	30.47	49.27	26.57	5.81	5.99	28.1	70.75	17.26	244.2	39.53	2.1	5.33	40.26	617.9	85.99	180.3	6.82	288.1	59.73	40.04	7.43	376	575.1	51	196.8	499.8	11.47	1092	1245	18.38	31.71	72.97	274.4	374.2	0.14	27.47	566.3	4.97	42.49	9.96	3.65	75.64	578.1	5.78	221.4	51.43	88.52	72.44	28.96	36.24	244.7	457.8	7.77	612.7	545.4	41.64	7.72	9.08	172.6	628	34.88	4.94	350.7	3.99	43.65	114.7	703	703.7	133	385.3	64.36	13.22	3.86	160.1	220.3	25.15	99.94	5.71	3.31	8.16	88.92	5.51	47.13	16.53	496.6	97.65	8.38	67.21	240.8	20.47	14.26	1000	728.2	74.03	10.04	13.24	486.9	446.8	28.75	47.29	549	9.35	207	496.2	54.56	45.79	180.1	5.29	62.64	6.97	121	191	242.9	439.4	254.7	272.2	6.06	9.27	88.1	553.9	1124	5.04	3.09	15.54	227	83.73	53.49	256.8	99.71	78.77	110.4	2.19	9.99	16.87	6.77	7.79	18.6	19.09	17.71	330.8	88.08	55.39	61.22	100.7	7.64	158.4	9.27	404.7	12.69	48.8	914.9	9.86	4.87	6.18	145.6	894.1	193.8	755.1	3.9	24.31	340.5	122	5	6.83	22.38	22.93	36.42	374.4	506.4	82.71	51.03	43.38	7.39	168.3	21.43	285.1	19.74	3.58	8.93	448	15.68	16.49	32.78	109.3	112.9	60.42	137.3	255.9	557.8	35.57
778.4	9.94	80.6	9.49	266.8	32.07	46.73	26.02	5.9	6.09	23.87	74.16	16.99	230.4	39.66	1.81	5.52	41.36	607.2	79.2	175.2	6.77	221.2	61.04	39.75	7.15	361.3	555.4	49.84	181.9	468.8	11.14	1092	1216	16.95	29.79	71.75	259.6	320.3	0.15	26.58	544	4.57	42.28	10.17	3.41	74.68	566.6	5.36	218.9	49.85	90.96	68.13	27.45	38.73	235.7	443.5	6.46	491.4	494.1	39.88	7.75	8.88	234.6	606.3	33.73	4.88	338.4	3.95	44.35	111.2	682.4	707.2	128.2	380.4	61.86	13.24	4.15	148.1	208.5	24.1	95.83	5.02	3.11	8.1	93.9	5.37	43.94	14.87	485.1	92.91	8.1	63.7	215.4	24.16	13.47	854.9	725	74.57	10.04	15.56	481.2	410.1	29.01	47.44	525.2	7.45	200.7	495.9	58.12	44.96	181.1	5.31	58.85	7.07	112.6	169.9	236.9	401.6	247.2	258.4	5.62	8.3	85.76	525.6	1146	4.54	2.88	15.23	219.5	85.04	51.85	243.2	83.61	75.03	109.7	2.05	10.25	15.83	6.46	7.15	18.75	17.52	16.4	316.5	82.28	53.25	72.55	100.5	7.88	149.7	8.68	385.5	12.8	48.25	842.3	9.24	5	5.73	147.3	854.7	179.7	771.4	3.73	23.42	326.9	121.2	4.98	6.72	24.98	20.98	34.71	349.3	500	80.28	50.03	42.78	6.97	167.7	20.17	307.7	19.5	3.56	8.71	479.1	16.06	16.22	32.25	110.3	122.7	59.66	134.9	213.3	525.2	31.7
754.6	9.71	80.47	9.71	261.7	31.83	43.45	25.54	5.98	6.52	22.72	77.7	16.46	216.7	38.55	1.63	5.21	43.66	605.2	73.38	170.7	6.75	211.5	63.39	39.62	7.34	344.2	533.4	47.9	171.9	439.8	11.51	1034	1198	15.75	28.11	70.73	247	302.3	0.15	26.57	522	4.39	42.15	10.81	3.23	72.97	558	5.41	211.5	52.84	95.3	64.88	25.74	40.75	227.1	429.7	6.81	368.8	444.4	37.6	6.89	8.82	273.2	560.7	31.82	4.53	316.8	4.25	44.88	110.6	663.9	662.4	120.6	372.7	59.71	13.43	4.2	136.9	198.4	23.16	89.51	4.74	3.26	7.77	99.82	5.25	42.76	13.7	471.9	91.4	8.07	61.89	192.8	22.24	14.15	707.1	801.2	77.26	9.12	13.11	477.2	367.3	29.62	42.67	506.8	8.17	199.5	483.6	60.35	43.7	177.5	5.41	56.23	6.78	105.7	179.7	227.5	369	239.7	244.7	5.47	7.45	82.61	497.2	1155	4.22	2.4	14.81	210.6	77.91	49.01	231.8	70.4	72.96	105.6	1.96	10.76	15.95	6.12	6.59	19.56	17.81	15.79	301.1	81.95	49.17	63.68	106.3	7.6	138.4	8.29	372.9	13.02	45.86	820.8	8.76	4.79	5.6	146.8	816.2	162.1	1216	3.67	22.77	308.8	119.5	4.91	6.38	24.91	20.58	34.09	327.4	489.9	79.66	49.76	41.79	6.48	168.2	19.78	311.3	18.73	3.4	8.98	453.6	16.54	16.32	31.74	110.5	132.6	59.01	134.1	173.7	467.8	29.47
741.2	9.14	79.48	9.93	249.4	29.65	38.62	25.05	5.9	6.57	21.41	82.83	16.48	203.5	37.02	1.46	5.07	47.15	606.4	68.35	166.1	6.66	140.5	62.96	39.49	7.26	327.8	525.2	46.38	165.8	417.3	11.31	980.5	1176	14.45	26.15	70.26	236.6	284.1	0.15	25.54	505.1	3.94	41.48	11.24	3.13	71.85	545.4	5.01	210.1	62.77	102.3	64.23	24.29	42.95	222.2	412.8	6.4	283	400.7	37.08	7.16	8.78	239.1	526.7	29.6	4.53	310.3	4.77	46.21	112	641.7	631.2	117.2	363.7	57.1	13.49	3.98	128.5	190.2	22.2	85.91	4.72	2.91	7.86	100.3	5.04	41.21	12.77	453.4	90.39	7.86	57.72	179.6	22.06	14.87	593.9	784.2	76.12	9.88	13.02	473.9	353.8	29.82	40.88	489.7	7.05	183.8	469.2	61.48	43.16	181.9	5.44	51.87	6.95	99.65	182.5	221.5	306.6	252.9	235.6	5.13	8.05	80.67	473	1168	3.83	2.23	14.59	202.3	78.74	48.08	220.7	63.69	71.47	103.5	1.89	11.01	15.15	5.71	6.43	20.39	17.65	14.79	291.6	76.4	45.81	59.19	107.7	7.52	127.8	8	356.7	13.28	46.48	730.1	8.33	4.57	5.19	146	784.2	150.4	1436	3.52	21.95	297.9	115.1	4.53	6.32	24.3	20.24	33.72	305	470.4	78.81	50.39	40.27	6.05	169	19.38	299.2	17.28	3.25	9.15	433.2	17.02	15.98	31.18	109.3	136.3	57.63	134.7	154.4	427.9	25.7
702.2	8.47	78.69	9.83	235.7	27.94	39.51	24.59	5.93	6.49	22.34	77.21	16.61	191	36.26	1.3	4.84	51.4	604.2	63.31	162.1	6.53	72.26	63.64	39.38	6.93	313	500.5	44.26	159.2	393.3	12	962.5	1133	13.17	24.78	68.82	225.5	262.7	0.15	27.03	487.7	3.72	40.46	11.57	3.22	71.31	526.5	5.17	204.5	47.79	105.7	64.71	22.6	43.4	216.3	394.6	7.16	212.9	364	37.56	7.44	8.76	214.8	489.5	27.94	4.44	296.1	4.92	44.04	110.1	606	616.9	114.1	356.1	54.65	13.31	3.35	120.8	181.8	21.3	87.09	4.36	3.13	7.7	102.1	4.92	40.38	12.18	440.9	88.1	7.78	53.16	164.8	23.27	14.81	517.5	690.1	74.04	9.27	13.38	469.9	311.8	29.59	40.97	471.7	9.59	183.5	456	62.4	43.16	172.6	5.53	48.13	6.03	94.25	169.8	215.2	249.6	248.4	213.5	5.26	7.67	76.77	450.3	1155	3.88	2.06	14.49	193	79.87	46.57	213.8	59.63	68.76	97.96	1.86	12.16	15.37	5.4	6.07	20.6	17.17	13.75	278.1	74.57	45.81	52.05	107.7	7.39	119.4	7.91	345.1	13.17	46.99	632.9	8.2	4.99	4.97	142.7	754.1	141.2	1629	3.39	21.6	288.2	108.6	4.55	6.67	22.6	20	34.15	286.7	460.1	77.93	50.62	38.92	5.7	170.4	19.28	272.5	16.5	3.12	9.41	395.5	17.79	16.14	30.57	107.3	162.2	56.05	133.8	158.1	411.4	22.94
658.6	7.85	77.33	11.1	220.3	31.16	38.34	23.94	5.63	6.29	21.88	78.98	16.52	179	36.58	1.23	4.73	55.85	591.6	58.41	159.8	6.57	46.26	61.02	39.33	6.72	298.4	481.7	42.9	154.7	372.2	12.26	1093	1085	12.1	23.68	68.04	218.7	262.1	0.16	27	465.2	3.58	39.26	11.98	2.94	70.08	519.1	4.65	201.1	43.59	103.8	61.51	21.35	43.87	211.6	379.1	5.32	151.4	327.1	34.19	7.85	8.45	184.1	468.6	26.86	4.21	286.9	5.24	44.93	106.9	582.1	596.9	109.9	350.6	52.96	13.7	3.11	113	173.1	20.48	81.35	4.24	2.98	7.8	105.6	4.76	38.24	11.65	427.6	89.64	7.75	48.66	153.7	23.11	14.89	468.3	703.2	69.2	9.71	15.36	468.7	283.9	29.32	41.15	453	7.36	179.1	449.9	65.99	43.94	170.6	5.45	45.43	7.39	88.09	155.8	209.1	213.1	259.4	197.2	5.01	7.55	72.43	432.9	1142	3.53	1.85	14.35	183.9	80.49	46.61	206.9	58.41	66.66	85.87	1.87	13.47	16.54	5.07	5.6	20.18	16.65	12.25	275.1	74	42.94	58.11	110.6	7.19	110.2	7.94	325.2	12.76	47.23	578.4	7.99	4.79	4.73	140.2	715.9	133.7	1662	3.36	21.49	276.6	104.8	4.54	6.16	22.69	16.92	33.88	269	443.4	76.81	51.24	37.86	5.49	171.2	18.26	246.3	16.02	2.97	9.15	345.3	17.86	16.41	30.07	107.4	194.9	54.73	141.8	141.4	389.3	20.75
629.2	7.38	75.43	10.78	208.4	30.63	38.48	23.59	5.35	6.93	20.7	82.15	16.31	167.9	36.71	1.21	4.68	59.97	585.5	55.23	157.3	6.81	99.18	62.33	39.22	6.69	286.1	463.5	42.75	151.2	354.4	12.58	881.3	1020	11.4	21.96	67.34	209.5	259	0.17	28.37	449.1	3.32	39.18	12.5	3	68.99	508.1	4.68	199	42.63	106.7	60.93	20.04	42.82	204	363.3	5.35	132.6	296.6	34.53	7.93	8.59	175.8	450.4	24.35	4.21	275.6	5.06	46.42	107.1	560.4	584.7	105.1	358.5	51.75	13.7	3.96	107	168.1	19.43	75.58	4.71	2.74	7.48	112.2	4.73	36.22	11.34	428	86.88	7.51	49.33	144.8	23.14	14.71	491.1	707	66.42	9.01	9.52	465.7	267.4	28.93	39.52	434.3	8.94	167.2	437.2	66.64	44	163.5	5.53	44.59	6.76	83.13	132.5	200.9	197.9	268.9	182.9	4.79	7.48	66.82	419.7	1118	3.37	1.67	14.11	178.4	81.52	43.42	204.7	57.69	66.17	92.42	1.83	14	14.01	4.81	5.33	20.21	15.4	12.03	268.7	77.82	41.33	56.22	110.2	7.26	100.3	8	305.4	12.29	48.61	491.5	7.71	4.65	4.13	136.5	726.9	127.5	912.8	3.2	20.62	268.4	101.2	4.51	6.26	21.18	16.33	33.64	250.7	435.4	73.95	52.61	37.55	5.31	152.7	17.45	232	16.17	2.8	9.36	318.9	17.55	15.98	29.18	107.5	204.6	53.19	134.1	117.2	385.5	19.33
601.1	7.11	73.17	10.64	201.6	32.27	36.41	23.27	5.29	6.61	21.02	82.14	16.69	157.2	36.5	1.2	4.32	61.3	572.1	52.34	156.5	6.4	100.1	64.63	38.48	6.35	274.2	449.4	40.66	148.8	336	12.27	1650	957.8	11.1	21.08	66.19	202.4	245.3	0.17	25.73	429.5	3.51	39.72	13.14	3.12	66.46	492.9	4.23	194	40.82	118.1	61.53	19.13	40.29	198	350.7	6.01	96.24	268.8	33.91	8.41	8.36	179.4	422.1	22.26	3.97	259.7	5.22	48.4	106.2	548.1	597.5	106.9	350.6	51.12	13.11	4.03	101.1	161.2	18.5	74.27	4.28	2.76	7.25	120.1	4.64	34.74	10.93	414.9	89.15	7.48	46.98	136.5	22.09	14.64	467	689.4	64.67	8.9	12.64	462.1	259.6	28.48	39.42	416	8.48	167.9	423.6	67.15	43.34	153.9	5.56	44.82	6.37	79.21	111.4	194.9	174.9	266.6	170	4.81	7.53	69.5	405.7	1091	3.18	1.59	13.96	173.4	83.51	40.73	199.1	57.57	60.2	91.94	1.8	14.65	13.06	4.54	4.93	20.58	14.05	11.75	261.3	74.41	42.71	57.87	110.5	7.33	94.78	7.85	286.3	12.1	47.9	463.6	7.43	4.81	3.85	135	655.8	119.5	744.9	3.01	20.31	261.9	97.15	4.46	5.93	24.48	16.12	33.85	237.5	416	72.7	53.37	37.28	5.12	155	16.86	218.7	15.79	2.72	9.09	291.7	17.52	15.94	29.21	105.2	202.2	52.2	131.2	102.8	387.6	17.69
633.6	7.03	96.77	48.45	194.8	34.82	39.68	43.3	5.14	5.55	21.09	84.36	6.94	151.8	38.65	1.7	4.15	88.49	577.7	51.35	217.8	7.41	97.8	84.88	38.51	8.74	334.1	441	56.01	164	315.5	16.65	1296	877.3	12.3	19.82	93.68	198.5	247.2	0.14	34.09	447.3	5.2	39.95	86.96	3.24	66.27	489.5	4.08	191.6	46.64	121.5	91.5	31.23	48.02	195.6	333.7	5.89	102.3	243.9	33.51	8.55	8.89	193.8	400.1	29.72	4.23	252.8	7.2	50.56	102.5	528.2	602.8	108.6	346.3	57.16	18.5	11.75	100.5	184.4	34.34	63.02	5.59	3.19	7.64	126.2	4.29	40.85	17.91	421.2	88.97	32.92	55.14	132	21.1	26.99	528.7	664.1	70.84	8.11	6.02	447.4	256.4	28.68	47.58	404.7	9.97	177.6	412.9	58.11	61.48	150.3	23.64	46.82	14.74	81.34	110.2	198.2	143.4	309	152.5	3.82	7.59	86.79	388	1065	7.11	2.16	32.12	177.9	117	74.18	194.1	68.65	75.04	88.46	2.95	13.63	10.5	6.3	11.57	28.51	15.8	18.79	252.1	79.64	43.04	57.29	113.6	45.86	92.44	11.1	252.2	15.7	51.12	422.3	12.72	4.08	11.79	131.2	654.9	118.3	729	4.29	22.86	273.1	94.49	5.2	5.29	23.06	25.44	36.24	257.3	397.8	74.06	34.97	39.69	5.26	206	19.31	209.5	17.97	6.46	13.54	159.9	22.46	19.56	28.69	107.1	206.5	51.33	135	98.63	380	19.52
660.2	13.8	78.86	17.81	210.6	31.9	76.49	57.3	4.33	5.96	54.79	174.3	9.54	193.9	38.49	1.83	7.34	156.6	583.6	49.92	270	12.69	165.4	128	43.84	9.27	354.1	446.8	55.75	188.8	342.2	13.58	1127	868.6	14.39	20.93	146.7	214.8	301.4	0.12	43.95	459	12.32	171.7	97.68	4.39	71.72	507	7.65	221.3	110.2	152.5	93.37	41.69	58.48	201.7	338.5	8.46	219.3	249.6	67.88	8.46	8.79	249.5	420.1	59.88	4.46	263.9	8.66	52.01	125.3	533.3	617.2	189	384.7	88.25	29.67	5.34	154.8	226.5	50.8	76.62	5.75	3.32	7.36	186.3	4.11	78.51	22.68	420.9	121.7	74.76	70.22	138.9	41.68	53.6	576.9	667.4	98.3	9.31	6.04	466.7	285.7	52.15	60.06	414.6	9.89	205.6	425.3	79.99	103.9	155.4	5.47	63.33	14.64	92.06	160.6	231.3	254.2	265.7	172.8	4.93	7.58	123.6	396.3	1046	11.79	1.66	73.96	192.9	109.1	59.23	222.9	139.9	141.5	152.7	2.45	18.77	49.81	7.09	5.2	24.25	19.7	20.57	254	110.8	94.05	105.1	115.4	34.65	97.68	12.33	262.8	26.39	73.95	403.2	20.2	12.23	8.07	152.6	725.9	191.2	749.2	3.61	33.99	304.8	144.3	5.13	4.48	30	24.65	38.21	262.7	396.6	75.68	54.21	64.66	5.51	156.6	20	215.8	25.86	6.39	12.92	162.1	31.21	49.47	27.92	124	250.7	52.24	155.9	140.1	446.4	28.51
550.7	8	64.46	16.6	184.6	36.02	39.32	26.73	3.6	7.45	31.72	80.07	4.94	130.5	37.94	1.09	10.76	109.6	547.1	48.57	164.3	11.79	120.4	104	88.15	9.66	316.3	412.3	41.67	158.6	276	14.64	840.8	775.5	11.71	18.3	74.34	186.2	240.8	0.33	27.42	409.3	5.54	40.95	53	3.04	66.71	455.8	5.56	174.4	43.89	124.1	68.73	24.03	38.76	183.1	301.4	7.24	111.5	207.5	31.69	8.35	8.7	215.8	365	21.93	4.03	239.1	9.89	49.94	96.57	500.4	539.2	82.96	330.8	48.09	13.52	5.13	89.65	148.2	21.22	58.92	6.8	3.15	9.79	137.6	5.34	35.1	14.05	388.4	86.02	7.73	43.72	119.9	29.29	15.11	476.9	633.7	60.23	9.41	6.11	438.7	239	37.59	34.33	381	9.82	173.5	385.1	60.57	45.45	143.8	5.31	41.22	13.05	71.23	92.76	192.9	126.9	317.3	138.7	4.41	22.62	61.13	360.9	1016	2.52	2.72	13.22	160.1	120.7	40.2	188.8	77.71	80.57	92.3	1.67	16.19	55.33	8.02	6.6	19.08	12.79	13	234	99.28	47.52	56.04	110.1	22.24	82.47	9.02	228.2	14.35	88.59	369.6	33.67	5.44	15.13	125.9	622	129.2	703.7	3.88	22.12	262.7	87.72	5.07	3.87	20.73	14.39	112.5	235	362.3	71.8	30.42	38.12	4.59	220.3	21.21	183.9	15.52	2.42	15.17	151.7	20.04	19.75	27.4	104.9	218.9	49.1	125	89.45	367.8	16.61
520.5	6.87	62.49	10.63	183.2	34.57	33.23	19.48	2.33	6.1	17.9	75.95	16.78	115.1	34.88	1.1	3.84	66.8	518.2	46.65	146.4	6.17	155.1	66.91	36.35	5.56	241.8	392	40.04	137.4	258.2	11.78	691.7	747.5	9.88	16.25	59.38	178.9	241.1	0.11	24.12	359	3.05	34.79	13.62	2.7	66.9	427	3.67	161.9	35.55	124.5	55.37	16.95	39.11	173.7	291.4	4.96	117.9	194.9	30.24	7.88	7.3	232.7	354.4	19.69	3.62	234.3	4.79	48.25	93.72	494.1	505.4	74.73	327.6	46.75	11.65	3.02	80.48	140.5	15.84	65.99	3.79	2.49	6.48	130.1	3.08	30.78	9.58	378.8	79.76	7.75	41.9	112.2	18.72	14.98	478	627.7	59.5	7.67	11.69	445.4	225	26.38	31.82	367.3	8.39	154.8	381.1	65.9	42.11	128.8	5.22	40.51	5.83	69.77	82.22	184.6	138.9	273.4	142	4.3	7.03	60.35	350.3	992.8	2.76	1.31	12.55	155	89.42	37.01	188.6	58.27	51.45	83.75	1.57	14.95	11.03	3.92	3.79	18.68	11.68	9.4	229.5	73.52	43.96	55.84	101.5	7.66	75.36	7.36	237.4	10.74	41.89	353.6	6.12	4.47	3.33	122.6	562.6	117.6	691.8	2.72	18.32	255.7	83.64	4.03	5.46	20.37	13.86	34.45	192.4	348.9	66.78	54.08	35.71	4.52	169.7	14.63	170.3	14.95	2.54	8.31	275.8	16.63	15.31	26.46	100	226.7	47.61	118.4	85.45	357.6	16.11
