14217	8.55	741.7	0.11	5003	0.55	415.8	14.45	16.51	5.2	57.48	2.86	3.45	20807	1.81	18.32	9.29	5.68	1609	48.65	737	4.89	63.57	2375	3.1	13.64	2829	2378	13.92	1689	4133	29.63	2402	5304	83.36	9771	827.5	90.29	580.7	0.001	28.31	2960	3.1	68.84	1.4	5.9	534.3	13393	5.88	125.3	0.75	165.9	399.4	1057	76.91	116.4	632.6	3.54	122.4	26752	9.62	4.07	73.64	75.95	484.1	22.95	51.51	3331	3.79	0.86	673.2	3355	677.3	34.22	1174	183.6	13.48	0.28	105471	14586	456.2	1284	4.37	11.39	57.43	42.98	105.5	96.04	142.1	5488	3.31	4.92	80.52	1088	6.83	21.79	233.6	994.8	81.69	5.44	0.98	4428	2554	193.5	5.26	4035	0.57	4.85	638.2	8.73	1346	7.35	0.04	73.47	1.04	1750	4152	3933	220.5	0.8	3645	27.77	6.04	298.8	5191	62998	3.31	3.21	10.09	23725	0.33	45.35	616.2	283.5	731.3	2956	26.35	11.18	12.97	1.28	92.7	18.97	103.2	646.7	3062	1.15	2.47	1.47	5.41	0.045	10.31	89.11	2276	11.14	0.66	3194	8.79	4.5	1.3	25.96	5129	1777	4982	18.75	137.6	7332	34.24	4.92	6.78	159.3	105.8	459.4	229.2	966.5	3.01	14.82	90.09	27.13	0.6	449	5501	122.8	4.73	82.41	8074	478.3	12.23	228.3	8.03	500.7	1147	1931	1549	1738	71.49
13196	7.54	689.4	0.1	4924	0.49	429.4	13.66	14.29	4.63	53.08	2.65	3.15	19748	1.81	15.83	8.77	5.57	1653	41.63	702.8	4.49	65.91	2247	2.98	11.65	2831	2281	12.48	1556	4186	31.83	2473	5433	78.82	8689	809.1	84.54	593.4	0.001	27.48	3228	3.05	64.01	1.29	5.63	521.6	13797	5.72	113.3	0.72	148.8	377.1	1015	69.8	117.6	547.1	3.15	104.5	26773	9.46	3.89	72.32	69.43	480.8	23.01	46.38	3304	3.51	0.84	662.9	3337	644.2	31.16	1132	175.2	12.61	0.26	102386	14066	432.6	1231	4.21	9.75	54.08	42.51	97.51	93.41	131.4	5507	3.12	5	80.6	1017	6.42	20.44	267	924.3	84.23	4.94	1.01	4277	2288	180.5	4.43	3895	0.49	4.46	627.2	8.14	1318	6.92	0.042	65.15	0.97	1617	3596	3815	212.9	0.85	3292	25.83	5.76	267	5330	64462	2.57	3.08	9.83	22754	0.33	43.88	636.8	278.3	679.2	3123	22.43	10.37	11.68	1.39	75.89	16.89	89.83	634.1	2684	1.04	2.04	1.38	5.31	0.049	10.44	81.81	2221	10.64	0.61	3134	7.45	4.12	1.11	26.28	5230	1945	4876	19.24	138.4	7138	33.28	4.78	6.08	149.7	109	437.6	235.2	956.2	2.98	14.15	87.5	23.88	0.58	424.3	5221	113.9	3.99	84.63	7177	497.6	12.34	221.1	8.13	593.9	1104	1880	1413	2040	74.25
12817	6.73	618.8	0.097	4871	0.47	420.7	13.24	13.81	4.77	47.81	2.5	3.24	18440	1.62	13.51	8.19	5.01	1701	36.3	665.9	4.3	67.41	2177	2.92	10.18	2865	2235	11.1	1411	4223	32.86	2481	5517	73.5	8153	785.9	83.05	580.7	0.0007	25.19	3455	2.95	63.55	1.21	5.31	504.9	14405	5.56	106	0.62	147.3	354.1	981.7	58.25	116.8	564.6	2.88	113.2	26190	10.04	3.91	71.24	67.11	474.6	23.1	44.66	3171	3.46	0.79	624.9	3223	611.5	29.81	1080	169.3	12.66	0.29	96157	13288	416.1	1156	4.05	8.88	51.95	41.48	90.77	92.49	124.3	5687	2.97	5.04	83.36	962.9	5.92	18.96	283.6	909.8	86.09	4.06	0.91	4181	2110	166.7	4.16	3777	0.53	4.31	611.3	8.21	1305	7.32	0.038	58.16	0.89	1501	3021	3667	175.5	0.9	3003	25.86	5.68	230.3	5419	65313	2.82	2.82	9.74	21647	0.33	42.6	662.8	271.5	651.9	2994	18.94	9.92	10.32	1.38	65.88	15.22	82.87	653.8	2377	0.89	1.74	1.28	5	0.045	10.67	74.78	2148	10.29	0.66	3285	7.18	3.68	0.99	26.71	5392	2263	4819	19.14	135.3	6955	30.49	5.15	6.31	138.2	90.98	409.7	241.7	914.5	3.01	13.39	84.88	21.4	0.55	392	5037	111.7	3.43	89.35	6745	509.4	11.96	215.5	7.97	517.1	1057	1802	1292	1845	71.9
12852	6.53	637.5	0.083	4494	0.43	431	13.6	13.65	4.77	50.13	3.08	3.47	17040	1.67	11.86	7.84	4.92	1747	31.73	652.3	4.16	69.31	2158	2.81	9.57	2884	2210	10.06	1282	4280	34.37	2545	5554	69.37	7633	743.4	78.52	554.6	0.0006	24.16	3692	3.05	60.25	1.23	5.19	280.9	14777	5.35	103.9	0.59	152.1	329.1	950.7	52.41	116.3	526	2.35	135.3	25504	9.91	3.84	70.83	60.81	469.3	20.66	42.43	3033	3.42	0.79	608.5	3189	582.3	28.35	1017	167.9	12.04	0.23	90124	13076	405.5	1158	3.64	7.48	43.41	40.2	86.16	91.72	122.8	5693	2.84	5.12	86.32	915.9	6.42	17.45	295.5	994	87.71	4.23	0.76	4077	1849	161.9	3.84	3715	0.54	4.3	607	7.98	1271	6.34	0.018	53.58	0.87	1431	2752	3479	161.4	0.9	2760	24.21	6.01	208	5427	65392	2.27	3.05	9.74	20540	0.3	42.19	677.2	263.9	641.6	3022	17.03	9.48	9.99	1.37	62.04	14.55	77.99	666.2	1959	0.86	1.53	1.17	4.85	0.039	10.86	69.06	2157	9.93	0.7	3225	6.25	3.63	1.01	26.9	5518	2541	3871	19.01	134.7	7125	27.74	5.42	5.82	127.2	75.08	380.9	251	898.2	2.98	12.96	84.69	19.65	0.48	370.9	4883	114.6	3.08	95.12	6085	530.7	11.31	210.3	8.31	576	1030	1733	1206	2037	70.07
12777	5.86	601.9	0.089	4311	0.42	415	13.52	13.07	4.37	60.59	3.74	3.64	15664	1.54	10.01	7.74	4.65	1789	28.65	638.6	4.01	74.65	2224	2.67	9.54	2865	2273	9.17	1196	4342	34.87	2526	5832	65.56	7350	708.9	76.77	529.2	0.0004	23.65	3779	2.82	55.85	1.25	5.02	274.2	15139	5.2	94.9	0.57	163.8	312.8	916.4	45.86	115.7	565.5	2.16	157.5	24821	9.69	4.23	70.17	66.33	462.7	21.38	41.08	3019	3.31	0.9	601.5	3168	539.3	27.25	1128	165.3	11.72	0.25	84577	13429	389.9	1152	3.8	6.5	46.47	38.71	82.63	88.69	122.1	5783	2.93	5.21	87.93	856.3	5.81	16.2	282.4	837	89.57	3.7	0.9	4024	1669	153.8	3.58	3704	0.44	4.61	611.8	8.1	1239	6.17	0.018	50.45	0.78	1385	2480	3280	158.6	0.92	2545	21.47	6.11	189.6	5426	65931	2.01	3.22	9.44	18932	0.3	42.1	685.9	258.1	665.2	2901	15.89	8.78	10.23	1.35	55.65	14.58	72.35	619.8	1668	0.8	1.43	1.08	4.78	0.038	10.97	64.87	2108	9.48	0.77	3106	5.82	3.59	1.05	26.66	5664	2808	3785	20.55	140.2	6540	24.79	5.29	5.92	119.8	73.97	393.9	238.2	912.3	2.9	12.12	83.48	18.69	0.47	360.3	4854	117.9	2.76	94.49	5782	530.8	10.6	211.5	8.45	552.5	1044	1670	1293	2026	69.27
12156	5.2	608.5	0.1	4129	0.4	412.5	13.12	12.79	4.61	62.57	3.84	3.7	14235	1.52	8.33	7.85	4.49	1780	26.06	619.8	3.73	84.77	2268	2.55	9.13	2866	2399	8.28	1132	4435	38.3	2488	6220	63.94	6968	673.2	76.13	527	0.0004	22.94	4144	2.9	51.37	1.25	5.19	264.9	15742	4.81	80.91	0.56	173	301.9	893.5	43.36	118	548.3	2.12	185.6	24872	9.42	4.48	71.32	83.81	467.9	27.04	39.27	3008	3.24	0.75	615.7	3149	536	27.43	938.1	162.7	12.41	0.22	77603	13008	388.7	1135	3.84	6.22	44.13	39.78	77.27	86.41	117.5	6019	2.96	5.09	89.92	774.5	5.88	15.07	306.5	829.4	92.69	3.96	0.88	3979	1602	145.3	3.05	3743	0.43	4.51	605.1	7.97	1197	5.96	0.018	47.19	0.69	1301	2345	3099	198.2	0.94	2341	19.36	6.06	170.1	5402	66656	1.73	3.18	9.27	18149	0.29	41.58	699.8	250.7	639.5	2814	14.99	9.03	10.28	1.36	49.13	13.8	68.59	560.6	1712	0.78	1.41	1.05	4.83	0.034	11.41	63.35	2083	8.92	0.79	2988	5.63	3.6	1.09	26.47	5735	3135	3612	20.92	122.7	6259	22.77	5.13	6.06	115.2	72.18	356.6	222.6	950.5	2.92	11.66	82.82	18.2	0.52	348.2	5343	116.5	2.51	89.67	5682	541.7	10.08	212.2	8.36	554.5	975.6	1584	1355	2028	65.58
11987	4.52	624.8	0.089	4036	0.39	432.1	12.8	13.34	4.35	54.89	4.14	3.61	13025	1.51	6.94	7.82	4.07	1831	23.45	615.2	3.43	107.7	2249	2.48	8.64	2955	2456	8.01	1078	4439	39.75	2469	6570	61.83	6682	652.8	74.67	560.5	0.0006	21.37	4636	2.67	46.76	1.25	4.98	274.3	16494	4.66	74.94	0.58	176.9	291.3	871.6	41.71	117.5	542.4	1.89	178.7	24165	9.25	4.09	74.41	91.38	466.8	23.18	38.44	3001	3.45	0.72	568.9	3139	473.7	27.45	978.6	159	12.4	0.21	71395	12943	389	1201	3.85	6.12	41.74	42.84	74.66	82.97	114.7	6387	3.04	5	96.58	730.3	6.37	14.94	387.6	922	94.93	4.1	0.88	3957	1651	139.8	3.1	3780	0.48	4.42	608.5	7.72	1166	5.84	0.018	46.42	0.67	1227	2343	2961	241.4	0.89	2107	16.82	5.98	155.7	5360	68693	1.74	3.09	9.08	16950	0.28	41.38	708.9	239.2	611	3156	14.24	8.34	9.21	1.14	46.1	13.14	61.2	477.9	1830	0.74	1.36	1	4.73	0.034	11.38	63.47	1997	8.37	0.78	2745	5.5	3.12	1.19	26.57	5883	3280	3462	21.1	123.5	6086	21.23	5.56	5.79	109.8	71.27	337.5	205.3	1024	2.79	11.37	81.76	17.55	0.51	337.2	5317	123.8	2.07	88.62	6040	563.5	9.6	214.6	8.33	576.5	948.6	1536	1389	2134	64.63
11720	3.93	652.9	0.096	3822	0.41	443.9	12.82	14.67	4.29	54.13	4.46	3.45	12126	1.46	5.64	8.29	3.73	1837	21.02	583.2	3.26	109	2221	2.42	8.03	2966	2496	7.46	1052	4465	41.86	2394	6887	60.79	6465	640.4	74.04	548.8	0.0005	22.05	4888	2.63	47.38	1.2	5.01	274.4	17317	4.77	70.97	0.55	185.8	278.1	856.9	41.02	117.9	519.3	2.01	226.9	23439	9.15	4.29	73.31	87.68	471	27.8	37.32	2963	3.63	0.74	542.3	3115	459.6	26.09	1024	158.8	13.16	0.21	65609	12757	388.4	1148	3.97	5.5	41.24	41.59	70.88	97.13	111.3	6918	3.12	4.92	97.11	684.6	6.61	13.8	513.4	976.9	97.07	4.13	0.73	4002	1957	137.5	3.27	3936	0.4	4.24	623.6	7.69	1139	5.58	0.038	46.41	0.69	1157	2607	2848	295.8	0.92	2014	14.97	6.61	146.8	5275	69912	1.68	2.91	9.36	16293	0.26	41.12	724.5	226.4	576.5	3032	13.56	8.69	8.63	1.18	46.62	12.84	56.7	468.4	1831	0.71	1.36	1	4.7	0.023	11.48	63.92	2006	8.19	0.84	2673	5.35	3.5	1.27	27.64	5950	3172	3310	21.09	119.8	5666	19.84	5.54	5.48	116.3	64.91	328.8	191.2	1054	2.73	11.15	81.13	16.36	0.5	324.5	4550	128.5	1.96	86.7	7536	571.1	9.12	219.8	8.44	544.8	965	1471	1757	2369	62.56
10761	3.56	688.6	0.1	3655	0.44	442.7	12.77	14.87	4.27	48.86	4.56	3.41	10976	1.44	4.59	8	3.44	2099	18.48	558.3	3.11	110	2148	2.45	7.6	2872	2518	6.78	988.6	4469	44.89	2388	7186	58.98	6726	622.1	71.72	616.8	0.0005	22.35	4895	2.67	53.75	1.28	5.16	273.9	17559	4.72	67.05	0.53	198.3	273	835.5	40.13	116.7	509.4	1.7	271.6	22543	8.89	4.32	76.74	82.68	464.7	31.28	37.38	3022	3.82	0.76	533.1	3065	469.6	25.42	1062	158.3	12.98	0.21	60545	12359	381.3	1063	4.75	5.48	42.17	41.48	69.89	99.88	106.3	7182	3.22	4.92	97.48	641.9	6.08	13.56	702.7	1005	99.18	3.99	0.72	4008	2555	141	3.72	4038	0.41	4.04	629.3	7.66	1164	5.4	0.041	48.56	0.69	1093	3029	2765	332.8	0.97	1932	14.39	6.29	140.7	5153	72948	1.4	2.82	9.5	16153	0.26	41.35	712.8	214	544.7	3083	13.23	9.16	7.84	1.4	41.21	12.52	59.83	462	1675	0.69	1.35	1.06	4.9	0.028	11.6	61.25	2084	8.28	0.86	2615	5.04	3.15	1.48	26.4	5888	3378	3148	22.38	114.2	5505	18.42	5.59	5.54	131.4	64.52	312	177	1106	2.69	10.86	81.09	14.9	0.49	312.1	4339	134.4	1.98	88.69	8602	579.3	8.88	224.8	8.61	610	976.4	1421	2185	2478	64.07
10717	3.44	709.3	0.097	3525	0.45	462.6	12.67	16	4.48	46.01	4.84	3.36	10083	1.46	3.8	7.89	3.17	2273	16.52	534.1	2.97	120.2	2067	2.49	7.5	2866	2547	6.14	919	4470	45.84	2514	7527	58.4	6251	600.7	70.51	674	0.0005	21.55	5266	2.62	58.63	1.27	5	260.9	17791	4.39	64.41	0.49	207.4	271.1	814	41.45	116.8	508.4	1.55	301.4	21444	8.56	4.71	77.58	86.25	462.1	34.87	36.36	2990	3.89	0.75	523	3103	445.3	24.27	1079	156.5	12.8	0.24	55814	12169	372.1	1092	4.61	5.59	44.07	41.02	66.35	99.7	92.4	7484	3.28	4.94	98.94	578.8	5.4	13.5	806.6	1031	103	3.49	0.86	4085	3075	142.2	3.87	4102	0.44	3.81	640.1	7.82	1166	5.19	0.04	49.36	0.7	1041	3005	2571	348.1	1.03	1886	13.35	6.27	138.5	5141	74933	1.43	2.74	10.24	16073	0.24	41.74	694.4	197.6	527.7	3110	11.91	9.4	7.39	1.4	37.71	12.14	59.45	423.6	1528	0.67	1.27	1.07	5.4	0.024	11.57	57.88	2030	8.57	0.87	2543	4.67	3.39	1.44	26.55	5763	2841	3121	21.01	103	5035	16.85	5.66	5.45	124	67.1	307.4	163	1175	2.76	10.68	81.59	13.46	0.49	299.6	4399	125.1	2.51	84.28	8574	596.9	8.36	220.4	8.69	634.9	971.4	1411	2304	2660	63.86
10544	3.39	727.7	0.11	3344	0.39	413.9	12.28	16.27	4.78	47.82	4.25	3.45	9143	1.47	3.19	7.9	2.88	2364	14.13	510.8	2.72	131.7	1959	2.57	6.88	2822	2705	6.32	850	4402	43.01	2485	7746	53.06	6029	579	68.82	664.1	0.0004	20.24	5446	2.41	56.65	1.29	4.55	256.2	18090	4.18	59.39	0.48	199.5	263	796.7	41.01	117.2	490.8	1.24	258.1	20480	8.08	4.63	75.92	81.95	473.1	24.71	36.47	3022	4.03	0.78	512.3	3088	418.9	23.3	1077	157.7	11.64	0.23	50662	12130	364.3	1151	4.17	5.39	43.6	40.28	63.67	99	82.26	7519	3.46	4.88	106.4	524.7	4.5	13.87	763.3	1098	108	3.27	0.97	4072	3119	140.2	3.7	4171	0.35	3.41	659.2	7.85	1149	5	0.04	45.82	0.6	994.9	2669	2460	347.5	1.08	1857	11.93	6.29	134.7	5074	76804	1.38	2.51	10.94	16039	0.24	42.31	677.1	175.9	497	3005	11.02	10.08	7.41	1.46	38.11	10.82	51.81	416.5	1425	0.64	1.32	1.08	5.44	0.026	11.51	53.37	2050	8.83	0.79	2478	4.28	3.12	1.48	26.1	6261	2624	3017	19.38	93.03	4978	15.31	5.44	5.89	125.2	64.63	303.4	149.8	1268	2.56	10.63	84.53	12.52	0.5	285.7	4228	108.2	2.72	82.95	8431	580.3	8.14	216.7	8.98	639.9	948.8	1372	1917	2866	58.33
10079	3.41	737.5	0.089	3213	0.38	367.6	12.15	17.56	4.83	48.3	3.94	3.39	8378	1.42	2.69	7.45	2.83	2457	12.38	488.5	2.35	156.4	1829	2.69	5.95	2761	2668	5.74	777	4290	42.94	2341	7819	48.56	5794	554.6	67.05	669.3	0.0004	20.66	5345	2.16	57.98	1.29	4.13	254.3	18362	3.68	55.85	0.47	197.2	255.8	768.2	42.33	118.2	473	1.31	260	19526	7.71	4.31	73.58	87.38	488.4	21.47	34.85	3040	3.87	0.79	488.5	3037	414.7	22.44	1110	148.7	12.04	0.17	46265	11850	362.7	1198	4.63	5.43	44.12	36.85	60.01	97.21	72.18	7406	3.42	4.79	107.8	460	4.29	14.1	735.9	1132	127.4	3.21	0.74	4011	2945	144.6	3.68	4235	0.45	3.18	673.2	8.14	1095	4.81	0.037	44.95	0.56	921.5	2375	2344	332.6	0.97	1778	11.94	6.17	129	4905	79359	1.15	2.24	10.51	15729	0.21	42.45	644.9	157.2	481.6	2945	9.33	9.2	7.08	1.48	36.52	9.66	40.78	355.8	1281	0.62	1.2	1.03	5.57	0.025	11.24	52.29	2009	8.81	0.85	2379	4.47	3.11	1.4	26.81	5833	2364	3153	18.85	91.13	4810	14.28	5.46	5.94	133	63.33	304.9	137.4	1287	2.49	10.32	90.02	11.87	0.41	288.3	4148	103.1	2.88	78.82	8325	604.9	7.78	211.2	9.01	613.5	950	1340	1709	2925	54.3
10072	3.67	783.2	0.086	3050	0.36	363.1	12.01	17.91	4.69	53.72	3.74	3.24	7841	1.33	2.43	6.74	2.96	2551	10.85	470.8	2.22	168.5	1756	2.78	5.15	2730	2592	4.99	722.8	4020	43.92	2274	7923	44.37	6102	533.3	64.05	670.9	0.0004	19.8	5408	2.07	53.99	1.35	3.95	253.9	18612	3.33	53.64	0.49	191.9	236.3	758.6	42.96	116.4	450.6	1.1	206.2	18058	8.22	4.57	71.71	103.6	498	19.89	33.68	3049	4.02	0.78	471.4	2971	436.7	22.15	1035	141.9	11.9	0.17	42310	11361	362.1	1172	4.13	5.43	43.54	35.52	57.11	96.17	64.76	7340	3.38	4.97	105	410.9	4.11	14.16	610.9	1192	103.3	3.08	0.78	4006	2707	145	3.62	4309	0.39	2.95	695.7	8.06	1062	4.73	0.019	44.81	0.55	846.9	1954	2278	302.3	0.94	1698	10.75	5.64	122.8	4764	81441	1.27	1.83	11.4	15312	0.21	41.69	618.4	132.6	447.1	2790	8.58	8.96	6.56	1.47	35.84	9.23	38.71	341.5	1177	0.6	1.19	1.08	6.08	0.022	10.91	51.16	2022	8.97	0.86	2264	4.82	2.82	1.36	27.34	5366	2305	3179	17.59	88.25	4600	13.96	5.6	5.53	141.2	58.83	297.4	126.6	1300	2.42	9.85	93.52	11.53	0.42	277	4054	104.2	3.13	72.96	8086	618.3	7.81	210.6	9.02	665.3	967.7	1373	1521	2914	50.04
9917	3.8	790.2	0.064	3006	0.35	351.8	11.75	18.1	4.8	45.78	3.91	3.33	7411	1.32	2.14	6.88	3.12	2574	9.8	457.4	2.14	128.7	1791	2.76	4.77	2666	2545	4.7	677.6	3820	42.64	2263	7897	40.83	5450	517.6	61.2	572.8	0.0004	18.52	5268	1.81	53.29	1.33	3.62	252.7	18762	2.98	53.02	0.46	196.4	211.7	748.3	45.62	114.4	432.2	0.88	164.6	16362	7.86	4.49	69.38	143.3	485.9	19.36	33.16	2986	3.73	0.78	457.3	2931	444.7	21.69	1013	136.4	11.84	0.18	38512	10477	359.1	1154	3.48	5.13	41.42	36.54	54.93	87.53	59.11	7077	3.18	4.78	97.48	364.9	5.04	13.94	527.2	1174	106	3.01	0.93	4023	2500	146.7	3.57	4169	0.3	2.69	713.1	8.18	1041	4.71	0.019	45.29	0.56	773.9	1769	2224	282	0.92	1601	9.73	4.85	119.1	4652	83909	1.11	1.68	12.23	14781	0.21	40.5	592.7	112.4	421	2751	7.75	8.51	5.75	1.49	31.01	8.82	33.8	315.3	1138	0.55	1.15	1.26	6.08	0.026	10.23	47.95	1942	8.82	0.78	2070	4.22	2.86	1.21	28.46	5252	2152	3299	15.9	85.17	4448	13.88	5.61	5.49	145.4	55.42	275.6	117.2	1290	2.31	9.55	94.16	11.32	0.42	262.7	4409	100.5	3.29	68.39	8984	631.4	7.78	220.4	9.33	714.8	966.6	1403	1281	2722	45.01
9810	3.69	822.2	0.064	3021	0.35	336.9	11.24	17.95	5.29	42.92	4.01	3.38	6948	1.28	1.94	6.45	3.35	2626	8.83	445.3	2.02	123.1	1875	2.75	4.95	2564	2471	4.44	646	3643	44.45	2135	7997	37.9	5277	502.5	58.55	538.9	0.0004	18.81	5101	1.72	51.72	1.45	3.52	249.1	19032	3.06	51.1	0.51	204.9	196.6	712.8	47.75	112.2	418.4	0.93	121.6	15014	7.35	3.92	68.8	169.6	447.9	19.42	32.17	2803	3.93	0.74	459	2898	416.3	20.56	995.7	132	12.4	0.18	34298	9806	355.4	1090	3.19	5.51	38.53	37.98	52.4	91.45	56.19	6855	3.09	4.94	95.96	323.8	4.88	16.89	433.9	1288	112.3	2.78	0.78	4039	2228	152.1	3.13	4108	0.34	2.55	709.6	8.16	992.5	4.58	0.021	44	0.54	715.5	1890	2139	264.6	0.89	1516	9.66	4.23	114.4	4510	85684	1.05	1.41	12.55	14123	0.18	38.43	570.9	96.73	403.6	2564	7.49	8.84	5.52	1.51	28.18	10	35.8	306.2	1103	0.54	1.06	1.1	6.43	0.021	9.33	47.67	1872	9.01	0.75	2010	4.25	2.74	1.19	29.49	5167	1964	5216	15.6	81.08	4255	13.66	5.58	5.36	120.1	55.88	262.1	108.6	1281	2.24	9.4	92.61	10.81	0.42	270.8	4500	91.54	3.21	70.02	8760	658.8	7.8	228.7	9.51	764.2	1010	1449	1052	2353	42.66
9871	3.29	821	0.065	2938	0.33	296.6	10.47	18.03	5.49	39.13	4.02	3.47	6570	1.22	1.73	6.14	3.65	2687	7.93	432.8	2	81.97	1864	2.71	4.78	2465	2452	4.15	627.2	3583	43.5	1967	8012	34.28	4581	487.2	56.36	505.8	0.0004	18.1	4944	1.46	51.16	1.54	3.47	246.7	19109	2.89	50.52	0.58	219.2	191.8	681.8	49.34	111.6	391.7	0.88	91.54	13872	7.15	3.95	66.72	151.7	418.8	17.98	33.21	2771	4.39	0.73	469.1	2852	396.9	20.02	974	127	12.41	0.16	32318	9246	346.2	1018	3.1	4.98	37.69	37.42	50.09	93.03	51.98	6599	3.05	4.64	88.92	305	4.9	18.82	364.7	1255	109	3.13	0.78	4069	2134	152.2	2.92	4050	0.3	2.26	702.9	7.96	952.3	4.66	0.021	40.85	0.54	672.1	1958	2106	223.2	0.95	1452	8.84	4.82	111.4	4393	86725	0.93	1.31	12.82	13495	0.18	37.77	547.5	88.89	390.7	2500	7.17	9.34	4.8	1.47	27.32	10.21	36.1	286.2	1089	0.49	0.99	1.01	6.48	0.019	8.45	46.53	1796	9.04	0.79	1781	3.97	2.54	1.07	29.78	5107	1792	5646	14.69	76.43	4255	13.04	5.16	5.4	100.5	55.99	252	99.45	1250	2.16	9.38	89.15	10.33	0.43	269.3	4380	77.55	3.11	71.31	8478	677.8	7.7	229.9	9.54	775.1	989.5	1508	945.6	2090	38.2
9438	2.92	817.8	0.06	2833	0.29	291.2	9.98	18.36	5.65	38.81	3.59	3.47	6214	1.19	1.52	5.85	4.01	2725	7.01	421.8	1.92	42.4	1830	2.66	4.5	2356	2256	3.93	604.5	3485	46.04	1969	7799	30.52	4542	465.9	53.67	467.8	0.0004	18.66	4784	1.36	46.94	1.65	3.62	246.6	18951	3.15	48.93	0.43	225.8	188.2	612.8	47.72	110.2	371	1	67.59	12947	7.09	3.91	65.22	139.8	386.7	16.76	34.96	2623	4.58	0.66	465	2737	386.7	19.46	954	122.4	12.56	0.13	30439	8724	335.5	998.9	2.78	5.45	35.99	37.14	47.65	95.95	49.96	6411	2.98	4.56	79.7	279.8	5.15	17.97	319	1113	104.4	2.88	0.8	4122	1874	148.5	2.82	3975	0.42	2.16	696.9	8.24	933.3	4.4	0.022	37.13	0.47	634.6	1861	2057	184.6	0.93	1310	9.15	4.49	105.6	4273	85280	0.94	1.2	13.07	12730	0.18	36.58	533.8	83.79	372.8	2275	7.31	10.51	4.43	1.4	24.15	9.93	35.83	259.4	1060	0.48	0.98	0.84	6.42	0.017	7.71	47.49	1755	8.8	0.83	1559	3.82	2.86	1.01	29.44	5038	1638	6185	13.81	74.07	4211	12.09	5.27	5.78	85.1	54.86	244.6	92.09	1244	2.07	9.31	85.04	9.77	0.44	270.1	4046	72.37	3.03	73.06	8012	703.2	7.49	224.9	9.49	911.3	912.1	1548	979.2	1964	34.3
8971	2.6	806.5	0.064	2704	0.33	274.3	9.03	17.34	5.5	36.35	3.52	3.45	5805	1.19	1.27	5.62	4.44	2695	6.06	415.2	1.93	27.34	1764	2.61	4.3	2239	2141	3.7	588.1	3369	46.35	2293	7614	26.42	4325	464.3	51.88	468.5	0.0004	18.32	4549	1.27	44.67	1.68	3.36	243.8	19428	2.84	48.15	0.35	221.5	182.2	577.8	46.68	109.4	352.9	0.73	47.22	11918	6.29	3.93	61.26	122.2	367.2	15.19	33	2490	4.64	0.6	446	2660	370.2	18.61	934.8	119.4	12.77	0.12	27650	8118	314.2	905.8	2.62	5.25	35.29	37.43	44.63	90.87	46.58	6227	3.05	4.59	73.02	260.1	4.86	17.1	285.3	1138	95.64	2.84	0.93	4217	1725	145.4	2.7	3900	0.31	2.03	701.8	8.95	933.4	4.33	0.021	34.03	0.56	590.7	1745	1990	158.4	0.95	1191	8.6	4.42	99.02	4181	83899	0.81	1.04	13.12	12209	0.18	36.45	519.7	82.07	360.3	1910	7.65	11.54	4.16	1.38	19.95	8.87	35.57	207.7	1063	0.47	0.92	0.87	6.54	0.015	6.97	48.48	1651	8.48	0.85	1443	3.73	2.78	0.96	28.91	4929	1544	5591	13.09	72.98	4138	11.48	5.19	5.33	85.43	45.57	235.4	85.02	1212	1.98	9.25	80.14	9.39	0.45	254.3	3754	63.91	2.93	69.25	7228	691.5	7.06	221.9	9.6	1068	873.3	1693	886.3	1835	30.94
8699	2.33	771.5	0.058	2612	0.3	263.5	8.61	16.81	5.92	33.07	3.63	3.33	5511	1.19	1.14	5.49	4.82	2679	5.43	408.7	2.03	59.05	1801	2.56	4.16	2105	2046	3.39	575.1	3244	47.08	1885	7319	25.19	3372	468.6	49.96	465.7	0.0004	19.16	4327	1.17	44.74	1.75	3.41	240.2	19624	2.86	47.6	0.34	228.4	182	499.5	44.44	106.8	338.7	0.76	40.94	11157	6.21	3.76	61.6	118.8	349.4	13.25	33.14	2397	4.37	0.67	438.7	2586	363.9	17.67	951.8	118.2	12.56	0.17	26345	7781	278.9	841.8	2.87	4.84	32.51	38.95	43.13	85.93	46.59	6240	2.98	4.16	82.5	243.6	4.5	15.92	293.4	1152	90.28	2.55	0.59	4309	1646	141	2.5	3780	0.38	1.82	694.5	8.8	933.9	4.14	0.022	33.41	0.49	553.4	1517	1896	148.3	0.95	1085	8.16	4.29	90.7	4115	81801	0.76	0.92	12.5	11882	0.17	33.52	518.4	80.97	357.3	1965	7.17	12.04	2.83	1.32	17.2	8.46	31.85	194	1048	0.48	0.88	0.81	6.52	0.015	6.28	47.98	1535	8.03	0.88	1238	3.68	2.68	0.81	28.21	5130	1484	2686	11.84	69.53	4165	10.97	5.17	5.44	78.52	44.78	225.7	78.3	1201	1.89	9.33	76.63	9.02	0.41	237.7	3632	59.4	2.68	68.62	6840	669.7	6.34	226.8	9.64	1057	790.2	1648	746.9	1816	28.62
8450	2.21	740.7	0.057	2581	0.34	227.6	8.33	16.16	5.6	32.24	3.63	3.3	5219	1.17	1.05	5.07	4.57	2624	4.97	406.5	1.83	60.12	1817	2.48	3.91	1973	2015	2.99	563.9	3101	45.67	3599	7082	23.3	3081	469.7	48.48	443.3	0.0004	16.29	4154	1.19	43.02	1.86	3.5	232	19494	2.59	46.28	0.32	250	180.6	458.1	41.54	105.1	330.9	0.85	29.4	10437	5.96	3.83	59.51	122.6	331	11.48	30.89	2265	4.36	0.7	419.2	2569	374.4	18.96	925.7	117.5	11.96	0.18	24379	7427	240.2	833.7	2.53	4.82	30.43	41.27	40.08	82.44	44.98	5996	3.07	3.97	81.09	228.8	4.17	14.95	272.8	1128	86.5	2.45	0.78	4381	1625	135.5	2.42	3605	0.36	1.75	685.3	8.74	919.9	3.88	0.021	34.12	0.46	523.7	1302	1824	131.6	0.91	997.7	8.25	4.43	93.76	4037	79270	0.67	0.86	12.08	11603	0.18	30.31	506.2	80.35	329.2	1844	6.88	12.49	2.54	1.27	14.54	8.1	27.63	175.8	1024	0.45	0.9	0.8	6.48	0.016	5.91	43.24	1423	7.88	0.86	1176	3.53	2.75	0.74	27.94	4745	1402	2284	10.76	67.9	4164	10.52	5.06	5.07	98.25	44.8	219.2	73.69	1159	1.83	9.58	74.46	8.65	0.41	217.2	3500	55.55	2.58	64.9	6366	660.9	5.9	238	9.43	953.7	787	1656	665.9	1842	26.06
